200
1027881733
344368073
1716745038
217282179
1333887731
174105276
480261481
2097284277
31663454
828507508
981898649
205527043
755852810
156581571
466640083
2033656498
1825239371
360945124
1627931428
528851422
300339698
2057403474
5418020
1418480146
720819837
567731723
2031595969
531391655
1524010918
767998786
1220940791
1337689177
884712552
145713624
129377975
1179495842
1377521752
1210318850
949136132
1420021248
580819360
1225190824
613528089
1104896809
297072063
1980706378
379583578
269225727
722062559
1629456461
1089504395
1281158205
1750884330
1702482272
825308764
75009151
815289196
1871059806
909298805
1418872665
553884917
576900074
275523644
50280966
1261065150
1849026745
193722441
522628415
1326694718
349659947
1052646912
1410647956
1724869073
1149269766
1962697083
1693055099
1672754169
1302566836
968597326
798380376
885101592
285264746
1482624773
875947166
885520190
666355673
1650276228
1658619571
1063744097
1714345884
1081064460
1248055872
1382388860
407129144
1755986874
285681377
1705432989
1572428859
1378839274
1702409965
1526499509
2055042927
150801961
109470095
79100888
2093503587
936249654
1766500339
1597214883
374657403
1231655361
1699322934
1231284911
1830178825
1425160531
579516352
1606387130
1833468480
2053254478
824251498
1619270896
1145037078
1964347258
579191777
790199600
472312949
1614187970
663976024
1148420382
1160629760
1731776338
1230273666
79738093
800385260
711713435
2117864292
247424558
591537585
1879471488
1478366660
2124578541
396558762
1974831846
141788447
1407205984
1401865863
895080670
34694846
1400914389
960327684
312233228
148644859
2046126049
623945964
1910911813
152817689
1905508587
1331805931
1609911237
561141725
628528937
1861132248
300179830
350944720
583423562
1666238396
94497085
1455314596
407582058
1771253385
2034089536
2059016931
325963888
1377487611
569449946
658025052
1754153277
574104831
120017108
1607943677
88838300
1599097462
794098022
176474881
838705321
1372690306
1724315700
369942027
380079166
1838671066
1538575329
24338
720886122
1052094414
1499178713
1544343888
1639252857
1771352408
1902886119
1487547322
